
 **** DERIVATIVE DATABASE ****    
+DDB, Version number    100401

 DDB file merged by PhononWork on Mon Sep 21 02:43:35 2020

    usepaw         0
     natom         2
      nkpt        36
    nsppol         1
      nsym        48
    ntypat         2
    occopt         1
     nband        12
     acell  0.10000000000000D+01  0.10000000000000D+01  0.10000000000000D+01
       amu  0.15999400000000D+02  0.24305000000000D+02
   dilatmx  0.10000000000000D+01
      ecut  0.35000000000000D+02
    ecutsm  0.00000000000000D+00
     intxc         0
      iscf         7
       ixc        11
       kpt  0.00000000000000D+00  0.00000000000000D+00  0.00000000000000D+00
            0.25000000000000D+00  0.00000000000000D+00  0.00000000000000D+00
            0.50000000000000D+00  0.00000000000000D+00  0.00000000000000D+00
            0.00000000000000D+00  0.25000000000000D+00  0.00000000000000D+00
            0.25000000000000D+00  0.25000000000000D+00  0.00000000000000D+00
            0.50000000000000D+00  0.25000000000000D+00  0.00000000000000D+00
           -0.25000000000000D+00  0.25000000000000D+00  0.00000000000000D+00
            0.00000000000000D+00  0.50000000000000D+00  0.00000000000000D+00
            0.25000000000000D+00  0.50000000000000D+00  0.00000000000000D+00
            0.50000000000000D+00  0.50000000000000D+00  0.00000000000000D+00
            0.00000000000000D+00  0.00000000000000D+00  0.25000000000000D+00
            0.25000000000000D+00  0.00000000000000D+00  0.25000000000000D+00
            0.50000000000000D+00  0.00000000000000D+00  0.25000000000000D+00
           -0.25000000000000D+00  0.00000000000000D+00  0.25000000000000D+00
            0.00000000000000D+00  0.25000000000000D+00  0.25000000000000D+00
            0.25000000000000D+00  0.25000000000000D+00  0.25000000000000D+00
            0.50000000000000D+00  0.25000000000000D+00  0.25000000000000D+00
           -0.25000000000000D+00  0.25000000000000D+00  0.25000000000000D+00
            0.00000000000000D+00  0.50000000000000D+00  0.25000000000000D+00
            0.25000000000000D+00  0.50000000000000D+00  0.25000000000000D+00
            0.50000000000000D+00  0.50000000000000D+00  0.25000000000000D+00
           -0.25000000000000D+00  0.50000000000000D+00  0.25000000000000D+00
            0.00000000000000D+00 -0.25000000000000D+00  0.25000000000000D+00
            0.25000000000000D+00 -0.25000000000000D+00  0.25000000000000D+00
            0.50000000000000D+00 -0.25000000000000D+00  0.25000000000000D+00
           -0.25000000000000D+00 -0.25000000000000D+00  0.25000000000000D+00
            0.00000000000000D+00  0.00000000000000D+00  0.50000000000000D+00
            0.25000000000000D+00  0.00000000000000D+00  0.50000000000000D+00
            0.50000000000000D+00  0.00000000000000D+00  0.50000000000000D+00
            0.00000000000000D+00  0.25000000000000D+00  0.50000000000000D+00
            0.25000000000000D+00  0.25000000000000D+00  0.50000000000000D+00
            0.50000000000000D+00  0.25000000000000D+00  0.50000000000000D+00
           -0.25000000000000D+00  0.25000000000000D+00  0.50000000000000D+00
            0.00000000000000D+00  0.50000000000000D+00  0.50000000000000D+00
            0.25000000000000D+00  0.50000000000000D+00  0.50000000000000D+00
            0.50000000000000D+00  0.50000000000000D+00  0.50000000000000D+00
    kptnrm  0.10000000000000D+01
     ngfft        32   32   32
    nspden         1
   nspinor         1
       occ  0.20000000000000D+01  0.20000000000000D+01  0.20000000000000D+01
            0.20000000000000D+01  0.20000000000000D+01  0.20000000000000D+01
            0.20000000000000D+01  0.20000000000000D+01  0.00000000000000D+00
            0.00000000000000D+00  0.00000000000000D+00  0.00000000000000D+00
     rprim  0.00000000000000D+00  0.40182361526000D+01  0.40182361526000D+01
            0.40182361526000D+01  0.00000000000000D+00  0.40182361526000D+01
            0.40182361526000D+01  0.40182361526000D+01  0.00000000000000D+00
  dfpt_sciss  0.00000000000000D+00
    spinat  0.00000000000000D+00  0.00000000000000D+00  0.00000000000000D+00
            0.00000000000000D+00  0.00000000000000D+00  0.00000000000000D+00
    symafm         1    1    1    1    1    1    1    1    1    1    1    1
                   1    1    1    1    1    1    1    1    1    1    1    1
                   1    1    1    1    1    1    1    1    1    1    1    1
                   1    1    1    1    1    1    1    1    1    1    1    1
    symrel         1    0    0    0    1    0    0    0    1
                  -1    0    0    0   -1    0    0    0   -1
                   0   -1    1    0   -1    0    1   -1    0
                   0    1   -1    0    1    0   -1    1    0
                  -1    0    0   -1    0    1   -1    1    0
                   1    0    0    1    0   -1    1   -1    0
                   0    1   -1    1    0   -1    0    0   -1
                   0   -1    1   -1    0    1    0    0    1
                  -1    0    0   -1    1    0   -1    0    1
                   1    0    0    1   -1    0    1    0   -1
                   0   -1    1    1   -1    0    0   -1    0
                   0    1   -1   -1    1    0    0    1    0
                   1    0    0    0    0    1    0    1    0
                  -1    0    0    0    0   -1    0   -1    0
                   0    1   -1    0    0   -1    1    0   -1
                   0   -1    1    0    0    1   -1    0    1
                  -1    0    1   -1    1    0   -1    0    0
                   1    0   -1    1   -1    0    1    0    0
                   0   -1    0    1   -1    0    0   -1    1
                   0    1    0   -1    1    0    0    1   -1
                   1    0   -1    0    0   -1    0    1   -1
                  -1    0    1    0    0    1    0   -1    1
                   0    1    0    0    0    1    1    0    0
                   0   -1    0    0    0   -1   -1    0    0
                   1    0   -1    0    1   -1    0    0   -1
                  -1    0    1    0   -1    1    0    0    1
                   0   -1    0    0   -1    1    1   -1    0
                   0    1    0    0    1   -1   -1    1    0
                  -1    0    1   -1    0    0   -1    1    0
                   1    0   -1    1    0    0    1   -1    0
                   0    1    0    1    0    0    0    0    1
                   0   -1    0   -1    0    0    0    0   -1
                   0    0   -1    0    1   -1    1    0   -1
                   0    0    1    0   -1    1   -1    0    1
                   1   -1    0    0   -1    1    0   -1    0
                  -1    1    0    0    1   -1    0    1    0
                   0    0    1    1    0    0    0    1    0
                   0    0   -1   -1    0    0    0   -1    0
                  -1    1    0   -1    0    0   -1    0    1
                   1   -1    0    1    0    0    1    0   -1
                   0    0    1    0    1    0    1    0    0
                   0    0   -1    0   -1    0   -1    0    0
                   1   -1    0    0   -1    0    0   -1    1
                  -1    1    0    0    1    0    0    1   -1
                   0    0   -1    1    0   -1    0    1   -1
                   0    0    1   -1    0    1    0   -1    1
                  -1    1    0   -1    0    1   -1    0    0
                   1   -1    0    1    0   -1    1    0    0
     tnons  0.00000000000000D+00  0.00000000000000D+00  0.00000000000000D+00
            0.00000000000000D+00  0.00000000000000D+00  0.00000000000000D+00
            0.00000000000000D+00  0.00000000000000D+00  0.00000000000000D+00
            0.00000000000000D+00  0.00000000000000D+00  0.00000000000000D+00
            0.00000000000000D+00  0.00000000000000D+00  0.00000000000000D+00
            0.00000000000000D+00  0.00000000000000D+00  0.00000000000000D+00
            0.00000000000000D+00  0.00000000000000D+00  0.00000000000000D+00
            0.00000000000000D+00  0.00000000000000D+00  0.00000000000000D+00
            0.00000000000000D+00  0.00000000000000D+00  0.00000000000000D+00
            0.00000000000000D+00  0.00000000000000D+00  0.00000000000000D+00
            0.00000000000000D+00  0.00000000000000D+00  0.00000000000000D+00
            0.00000000000000D+00  0.00000000000000D+00  0.00000000000000D+00
            0.00000000000000D+00  0.00000000000000D+00  0.00000000000000D+00
            0.00000000000000D+00  0.00000000000000D+00  0.00000000000000D+00
            0.00000000000000D+00  0.00000000000000D+00  0.00000000000000D+00
            0.00000000000000D+00  0.00000000000000D+00  0.00000000000000D+00
            0.00000000000000D+00  0.00000000000000D+00  0.00000000000000D+00
            0.00000000000000D+00  0.00000000000000D+00  0.00000000000000D+00
            0.00000000000000D+00  0.00000000000000D+00  0.00000000000000D+00
            0.00000000000000D+00  0.00000000000000D+00  0.00000000000000D+00
            0.00000000000000D+00  0.00000000000000D+00  0.00000000000000D+00
            0.00000000000000D+00  0.00000000000000D+00  0.00000000000000D+00
            0.00000000000000D+00  0.00000000000000D+00  0.00000000000000D+00
            0.00000000000000D+00  0.00000000000000D+00  0.00000000000000D+00
            0.00000000000000D+00  0.00000000000000D+00  0.00000000000000D+00
            0.00000000000000D+00  0.00000000000000D+00  0.00000000000000D+00
            0.00000000000000D+00  0.00000000000000D+00  0.00000000000000D+00
            0.00000000000000D+00  0.00000000000000D+00  0.00000000000000D+00
            0.00000000000000D+00  0.00000000000000D+00  0.00000000000000D+00
            0.00000000000000D+00  0.00000000000000D+00  0.00000000000000D+00
            0.00000000000000D+00  0.00000000000000D+00  0.00000000000000D+00
            0.00000000000000D+00  0.00000000000000D+00  0.00000000000000D+00
            0.00000000000000D+00  0.00000000000000D+00  0.00000000000000D+00
            0.00000000000000D+00  0.00000000000000D+00  0.00000000000000D+00
            0.00000000000000D+00  0.00000000000000D+00  0.00000000000000D+00
            0.00000000000000D+00  0.00000000000000D+00  0.00000000000000D+00
            0.00000000000000D+00  0.00000000000000D+00  0.00000000000000D+00
            0.00000000000000D+00  0.00000000000000D+00  0.00000000000000D+00
            0.00000000000000D+00  0.00000000000000D+00  0.00000000000000D+00
            0.00000000000000D+00  0.00000000000000D+00  0.00000000000000D+00
            0.00000000000000D+00  0.00000000000000D+00  0.00000000000000D+00
            0.00000000000000D+00  0.00000000000000D+00  0.00000000000000D+00
            0.00000000000000D+00  0.00000000000000D+00  0.00000000000000D+00
            0.00000000000000D+00  0.00000000000000D+00  0.00000000000000D+00
            0.00000000000000D+00  0.00000000000000D+00  0.00000000000000D+00
            0.00000000000000D+00  0.00000000000000D+00  0.00000000000000D+00
            0.00000000000000D+00  0.00000000000000D+00  0.00000000000000D+00
            0.00000000000000D+00  0.00000000000000D+00  0.00000000000000D+00
    tolwfr  0.10000000000000D+01
   tphysel  0.00000000000000D+00
    tsmear  0.10000000000000D-01
     typat         2    1
       wtk  0.15625000000000D-01  0.31250000000000D-01  0.15625000000000D-01
            0.31250000000000D-01  0.31250000000000D-01  0.31250000000000D-01
            0.31250000000000D-01  0.15625000000000D-01  0.31250000000000D-01
            0.15625000000000D-01  0.31250000000000D-01  0.31250000000000D-01
            0.31250000000000D-01  0.31250000000000D-01  0.31250000000000D-01
            0.31250000000000D-01  0.31250000000000D-01  0.31250000000000D-01
            0.31250000000000D-01  0.31250000000000D-01  0.31250000000000D-01
            0.31250000000000D-01  0.31250000000000D-01  0.31250000000000D-01
            0.31250000000000D-01  0.31250000000000D-01  0.15625000000000D-01
            0.31250000000000D-01  0.15625000000000D-01  0.31250000000000D-01
            0.31250000000000D-01  0.31250000000000D-01  0.31250000000000D-01
            0.15625000000000D-01  0.31250000000000D-01  0.15625000000000D-01
      xred  0.00000000000000D+00  0.00000000000000D+00  0.00000000000000D+00
            0.50000000000000D+00  0.50000000000000D+00  0.50000000000000D+00
     znucl  0.80000000000000D+01  0.12000000000000D+02
      zion  0.60000000000000D+01  0.10000000000000D+02
 
  Description of the potentials (KB energies)
  vrsio8 (for pseudopotentials)=100401
  usepaw =  0
  dimekb =  5       lmnmax=  5
  Atom type=    1   pspso=  0   nekb=   5
  iln lpsang iproj  ekb(:)
     1     0     1     5.2572115E+00  0.0000000E+00  0.0000000E+00  0.0000000E+00
                       0.0000000E+00
     2     0     2     0.0000000E+00  7.0424089E-01  0.0000000E+00  0.0000000E+00
                       0.0000000E+00
     3     1     1     0.0000000E+00  0.0000000E+00 -5.1354431E+00  0.0000000E+00
                       0.0000000E+00
     4     1     2     0.0000000E+00  0.0000000E+00  0.0000000E+00 -1.4517815E+00
                       0.0000000E+00
     5     2     1     0.0000000E+00  0.0000000E+00  0.0000000E+00  0.0000000E+00
                      -4.3714856E+00
  Atom type=    2   pspso=  0   nekb=   4
  iln lpsang iproj  ekb(:)
     1     0     1     2.5680490E+00  0.0000000E+00  0.0000000E+00  0.0000000E+00
     2     0     2     0.0000000E+00 -8.0594974E-01  0.0000000E+00  0.0000000E+00
     3     1     1     0.0000000E+00  0.0000000E+00 -6.6059007E+00  0.0000000E+00
     4     1     2     0.0000000E+00  0.0000000E+00  0.0000000E+00 -2.6640738E+00
 
 **** Database of total energy derivatives ****
 Number of data blocks=    8
  
 2nd derivatives (non-stat.)  - # elements :      81
 qpt  0.00000000E+00  0.00000000E+00  0.00000000E+00   1.0
   1   1   1   1  0.18297341519319D+01  0.00000000000000D+00
   2   1   1   1  0.91486707596414D+00  0.00000000000000D+00
   3   1   1   1  0.91486707596414D+00  0.00000000000000D+00
   1   2   1   1 -0.15868767872753D+01  0.00000000000000D+00
   2   2   1   1 -0.79343839363761D+00  0.00000000000000D+00
   3   2   1   1 -0.79343839363758D+00  0.00000000000000D+00
   1   4   1   1 -0.50278588002306D+02  0.00000000000000D+00
   2   4   1   1 -0.37141124187680D-16  0.00000000000000D+00
   3   4   1   1  0.18570562093840D-16  0.00000000000000D+00
   1   1   2   1  0.91486707596505D+00  0.00000000000000D+00
   2   1   2   1  0.18297341519356D+01  0.00000000000000D+00
   3   1   2   1  0.91486707596505D+00  0.00000000000000D+00
   1   2   2   1 -0.79343839363760D+00  0.00000000000000D+00
   2   2   2   1 -0.15868767872753D+01  0.00000000000000D+00
   3   2   2   1 -0.79343839363756D+00  0.00000000000000D+00
   1   4   2   1  0.00000000000000D+00  0.00000000000000D+00
   2   4   2   1 -0.50278588002306D+02  0.00000000000000D+00
   3   4   2   1 -0.95555480845652D-16  0.00000000000000D+00
   1   1   3   1  0.91486707596323D+00  0.00000000000000D+00
   2   1   3   1  0.91486707596323D+00  0.00000000000000D+00
   3   1   3   1  0.18297341519392D+01  0.00000000000000D+00
   1   2   3   1 -0.79343839363760D+00  0.00000000000000D+00
   2   2   3   1 -0.79343839363759D+00  0.00000000000000D+00
   3   2   3   1 -0.15868767872753D+01  0.00000000000000D+00
   1   4   3   1  0.00000000000000D+00  0.00000000000000D+00
   2   4   3   1  0.67807387354391D-16  0.00000000000000D+00
   3   4   3   1 -0.50278588002306D+02  0.00000000000000D+00
   1   1   1   2 -0.15868767872754D+01  0.00000000000000D+00
   2   1   1   2 -0.79343839363763D+00  0.00000000000000D+00
   3   1   1   2 -0.79343839363762D+00  0.00000000000000D+00
   1   2   1   2  0.15872547138149D+01  0.00000000000000D+00
   2   2   1   2  0.79362735690836D+00  0.00000000000000D+00
   3   2   1   2  0.79362735690881D+00  0.00000000000000D+00
   1   4   1   2 -0.50792383611427D+02  0.00000000000000D+00
   2   4   1   2 -0.12647613624085D-17  0.00000000000000D+00
   3   4   1   2  0.28700864384765D-16  0.00000000000000D+00
   1   1   2   2 -0.79343839363763D+00  0.00000000000000D+00
   2   1   2   2 -0.15868767872754D+01  0.00000000000000D+00
   3   1   2   2 -0.79343839363761D+00  0.00000000000000D+00
   1   2   2   2  0.79362735690881D+00  0.00000000000000D+00
   2   2   2   2  0.15872547138156D+01  0.00000000000000D+00
   3   2   2   2  0.79362735690825D+00  0.00000000000000D+00
   1   4   2   2  0.00000000000000D+00  0.00000000000000D+00
   2   4   2   2 -0.50792383611427D+02  0.00000000000000D+00
   3   4   2   2  0.28700864384765D-16  0.00000000000000D+00
   1   1   3   2 -0.79343839363760D+00  0.00000000000000D+00
   2   1   3   2 -0.79343839363760D+00  0.00000000000000D+00
   3   1   3   2 -0.15868767872753D+01  0.00000000000000D+00
   1   2   3   2  0.79362735690870D+00  0.00000000000000D+00
   2   2   3   2  0.79362735690813D+00  0.00000000000000D+00
   3   2   3   2  0.15872547138160D+01  0.00000000000000D+00
   1   4   3   2 -0.14802973661669D-15  0.00000000000000D+00
   2   4   3   2  0.91892628037409D-16  0.00000000000000D+00
   3   4   3   2 -0.50792383611427D+02  0.00000000000000D+00
   1   1   1   4 -0.50278588002306D+02  0.00000000000000D+00
   2   1   1   4  0.14802973661669D-15  0.00000000000000D+00
   3   1   1   4 -0.14802973661669D-15  0.00000000000000D+00
   1   2   1   4 -0.50792384130842D+02  0.00000000000000D+00
   2   2   1   4  0.00000000000000D+00  0.00000000000000D+00
   3   2   1   4  0.00000000000000D+00  0.00000000000000D+00
   1   4   1   4 -0.45954179496673D+02  0.00000000000000D+00
   2   4   1   4  0.15318059832224D+02  0.00000000000000D+00
   3   4   1   4  0.15318059832224D+02  0.00000000000000D+00
   1   1   2   4  0.10160333138209D-15  0.00000000000000D+00
   2   1   2   4 -0.50278588002306D+02  0.00000000000000D+00
   3   1   2   4 -0.80222349262297D-16  0.00000000000000D+00
   1   2   2   4  0.12453219562691D-16  0.00000000000000D+00
   2   2   2   4 -0.50792384130842D+02  0.00000000000000D+00
   3   2   2   4 -0.56137108579279D-16  0.00000000000000D+00
   1   4   2   4  0.15318059832224D+02  0.00000000000000D+00
   2   4   2   4 -0.45954179496673D+02  0.00000000000000D+00
   3   4   2   4  0.15318059832224D+02  0.00000000000000D+00
   1   1   3   4  0.20978927343464D-15  0.00000000000000D+00
   2   1   3   4 -0.61651787168457D-16  0.00000000000000D+00
   3   1   3   4 -0.50278588002306D+02  0.00000000000000D+00
   1   2   3   4 -0.41154366291771D-16  0.00000000000000D+00
   2   2   3   4 -0.27436244194514D-16  0.00000000000000D+00
   3   2   3   4 -0.50792384130842D+02  0.00000000000000D+00
   1   4   3   4  0.15318059832224D+02  0.00000000000000D+00
   2   4   3   4  0.15318059832224D+02  0.00000000000000D+00
   3   4   3   4 -0.45954179496673D+02  0.00000000000000D+00
  
 2nd derivatives (non-stat.)  - # elements :      36
 qpt  2.50000000E-01  0.00000000E+00  0.00000000E+00   1.0
   1   1   1   1  0.54324793170672D+01 -0.13942069344989D-15
   2   1   1   1  0.10186380717178D+01 -0.69300522846332D-07
   3   1   1   1  0.10186380717178D+01 -0.69300522642683D-07
   1   2   1   1 -0.20751114476363D+01 -0.20751099031028D+01
   2   2   1   1 -0.39182775435272D+00 -0.39182275010321D+00
   3   2   1   1 -0.39182775435270D+00 -0.39182275010322D+00
   1   1   2   1  0.10186380717178D+01  0.69300523325787D-07
   2   1   2   1  0.20372653829363D+01  0.73767885625378D-17
   3   1   2   1  0.10186278049578D+01 -0.52212104666816D-08
   1   2   2   1 -0.39182235928430D+00 -0.39182254289625D+00
   2   2   2   1 -0.78364471856859D+00 -0.78364508579253D+00
   3   2   2   1 -0.39182353149067D+00 -0.39182351863069D+00
   1   1   3   1  0.10186380717169D+01  0.69300523529435D-07
   2   1   3   1  0.10186278049587D+01  0.52212099447610D-08
   3   1   3   1  0.20372653829381D+01 -0.45298572526274D-16
   1   2   3   1 -0.39182235928428D+00 -0.39182254289626D+00
   2   2   3   1 -0.39182353149067D+00 -0.39182351863069D+00
   3   2   3   1 -0.78364471856855D+00 -0.78364508579255D+00
   1   1   1   2 -0.20751114476363D+01  0.20751099031028D+01
   2   1   1   2 -0.39182235928430D+00  0.39182254289625D+00
   3   1   1   2 -0.39182235928428D+00  0.39182254289626D+00
   1   2   1   2  0.44702606691449D+01 -0.50191449641962D-16
   2   2   1   2  0.96855962916584D+00 -0.51701444863998D-06
   3   2   1   2  0.96855962916561D+00 -0.51701444856667D-06
   1   1   2   2 -0.39182775435272D+00  0.39182275010321D+00
   2   1   2   2 -0.78364471856859D+00  0.78364508579253D+00
   3   1   2   2 -0.39182353149067D+00  0.39182351863069D+00
   1   2   2   2  0.96855962916607D+00  0.51701444881259D-06
   2   2   2   2  0.19379680180173D+01  0.26556438825136D-17
   3   2   2   2  0.96882780698922D+00 -0.31050158388812D-05
   1   1   3   2 -0.39182775435270D+00  0.39182275010322D+00
   2   1   3   2 -0.39182353149067D+00  0.39182351863069D+00
   3   1   3   2 -0.78364471856855D+00  0.78364508579255D+00
   1   2   3   2  0.96855962916584D+00  0.51701444888590D-06
   2   2   3   2  0.96882780698922D+00  0.31050158386933D-05
   3   2   3   2  0.19379680180180D+01 -0.16307486109458D-16
  
 2nd derivatives (non-stat.)  - # elements :      36
 qpt  5.00000000E-01  0.00000000E+00  0.00000000E+00   1.0
   1   1   1   1  0.64332701280528D+01  0.00000000000000D+00
   2   1   1   1  0.11215588942869D+01  0.42070711606998D-08
   3   1   1   1  0.11215588942869D+01  0.42070711606998D-08
   1   2   1   1 -0.14430348621424D-13 -0.18243811635614D-14
   2   2   1   1 -0.27977876771287D-13 -0.17879898496824D-14
   3   2   1   1 -0.13002134067565D-13 -0.17085955300843D-14
   1   1   2   1  0.11215588942869D+01 -0.42070711606998D-08
   2   1   2   1  0.22431068797468D+01  0.00000000000000D+00
   3   1   2   1  0.11215485556704D+01 -0.96453956904764D-08
   1   2   2   1 -0.27977876771271D-13 -0.17879898496824D-14
   2   2   2   1  0.13619780159817D-14 -0.34067776888247D-14
   3   2   2   1  0.55241765064733D-13 -0.18533873675825D-14
   1   1   3   1  0.11215588942860D+01 -0.42070711606998D-08
   2   1   3   1  0.11215485556713D+01  0.96453956904764D-08
   3   1   3   1  0.22431068797487D+01  0.00000000000000D+00
   1   2   3   1 -0.13002134067546D-13 -0.17085955300843D-14
   2   2   3   1  0.55241765064737D-13 -0.18533873675825D-14
   3   2   3   1  0.11409811483943D-13 -0.36798191296558D-14
   1   1   1   2 -0.14430348621425D-13  0.18243811635614D-14
   2   1   1   2 -0.27977876771306D-13  0.17879898496824D-14
   3   1   1   2 -0.13002134067580D-13  0.17085955300843D-14
   1   2   1   2  0.47117268872134D+01  0.00000000000000D+00
   2   2   1   2  0.11196442773645D+01  0.31759744491518D-05
   3   2   1   2  0.11196442773643D+01  0.31759744491518D-05
   1   1   2   2 -0.27977876771287D-13  0.17879898496824D-14
   2   1   2   2  0.13619780159127D-14  0.34067776888247D-14
   3   1   2   2  0.55241765064702D-13  0.18533873675825D-14
   1   2   2   2  0.11196442773647D+01 -0.31759744491518D-05
   2   2   2   2  0.22408798304868D+01  0.00000000000000D+00
   3   2   2   2  0.11201553817027D+01 -0.50439111834836D-05
   1   1   3   2 -0.13002134067565D-13  0.17085955300843D-14
   2   1   3   2  0.55241765064698D-13  0.18533873675825D-14
   3   1   3   2  0.11409811483875D-13  0.36798191296558D-14
   1   2   3   2  0.11196442773645D+01 -0.31759744491518D-05
   2   2   3   2  0.11201553817027D+01  0.50439111834836D-05
   3   2   3   2  0.22408798304873D+01  0.00000000000000D+00
  
 2nd derivatives (non-stat.)  - # elements :      36
 qpt  2.50000000E-01  2.50000000E-01  0.00000000E+00   1.0
   1   1   1   1  0.39261084228583D+01 -0.37919503031491D-15
   2   1   1   1  0.27112950484825D+01 -0.21658382788725D-15
   3   1   1   1  0.12148133743831D+01  0.57744333337863D-15
   1   2   1   1  0.18613904188014D-05 -0.20487290507661D+01
   2   2   1   1  0.18613904064042D-05 -0.14681894618587D+01
   3   2   1   1  0.24892026556755D-13 -0.58053958890748D+00
   1   1   2   1  0.27112950484825D+01 -0.21658382788725D-15
   2   1   2   1  0.39261084228638D+01 -0.16185348360473D-14
   3   1   2   1  0.12148133743813D+01 -0.81887802084715D-15
   1   2   2   1  0.18613904064042D-05 -0.14681894618587D+01
   2   2   2   1  0.18613904190194D-05 -0.20487290507660D+01
   3   2   2   1  0.25065254107040D-13 -0.58053958890748D+00
   1   1   3   1  0.12148133743813D+01  0.57744333337863D-15
   2   1   3   1  0.12148133743813D+01 -0.81887802084715D-15
   3   1   3   1  0.24296267487662D+01 -0.22193637608790D-16
   1   2   3   1  0.24892026530285D-13 -0.58053958890747D+00
   2   2   3   1  0.25065254212919D-13 -0.58053958890748D+00
   3   2   3   1  0.15365796804530D-13 -0.11610791778150D+01
   1   1   1   2 -0.68222746949726D-06  0.20487290507660D+01
   2   1   1   2 -0.68222748189446D-06  0.14681894618587D+01
   3   1   1   2  0.24892026477346D-13  0.58053958890747D+00
   1   2   1   2  0.39730132881448D+01 -0.13651021091337D-15
   2   2   1   2  0.27509662036827D+01 -0.77970178039409D-16
   3   2   1   2  0.12220470844632D+01  0.20787960001631D-15
   1   1   2   2 -0.68222748189446D-06  0.14681894618587D+01
   2   1   2   2 -0.68222746927929D-06  0.20487290507660D+01
   3   1   2   2  0.25065254001161D-13  0.58053958890747D+00
   1   2   2   2  0.27509662036830D+01 -0.77970178039409D-16
   2   2   2   2  0.39730132881455D+01 -0.58267254097702D-15
   3   2   2   2  0.12220470844630D+01 -0.29479608750497D-15
   1   1   3   2  0.24892026874392D-13  0.58053958890747D+00
   2   1   3   2  0.25065254212919D-13  0.58053958890747D+00
   3   1   3   2  0.15365796989818D-13  0.11610791778150D+01
   1   2   3   2  0.12220470844633D+01  0.20787960001631D-15
   2   2   3   2  0.12220470844630D+01 -0.29479608750497D-15
   3   2   3   2  0.24440941689268D+01 -0.79897095391643D-17
  
 2nd derivatives (non-stat.)  - # elements :      36
 qpt  5.00000000E-01  2.50000000E-01  0.00000000E+00   1.0
   1   1   1   1  0.50352960043929D+01  0.28591663128738D-15
   2   1   1   1  0.18977135364057D+01  0.90288960735496D-07
   3   1   1   1  0.13047596923361D+01  0.50140913433576D-07
   1   2   1   1  0.55493906696987D+00 -0.55493956889686D+00
   2   2   1   1  0.36198056709643D+00 -0.36198445940170D+00
   3   2   1   1  0.19615855430357D+00 -0.19615635808010D+00
   1   1   2   1  0.18977135364057D+01 -0.90288959851310D-07
   2   1   2   1  0.31467389909812D+01  0.94553077124249D-15
   3   1   2   1  0.13047547843325D+01 -0.35238428849606D-10
   1   2   2   1  0.11217594644931D+00 -0.11217890055560D+00
   2   2   2   1  0.25607365666618D+00 -0.25607694578016D+00
   3   2   2   1  0.19616114689011D+00 -0.19616172752666D+00
   1   1   3   1  0.13047596923352D+01 -0.50140913509093D-07
   2   1   3   1  0.13047547843335D+01  0.35239327389624D-10
   3   1   3   1  0.26095145123527D+01  0.16603414530447D-15
   1   2   3   1  0.19616080178194D+00 -0.19615976338078D+00
   2   2   3   1  0.19616080178196D+00 -0.19615976338073D+00
   3   2   3   1  0.39232160356391D+00 -0.39231952676153D+00
   1   1   1   2  0.55493906696987D+00  0.55493956889686D+00
   2   1   1   2  0.11217594644931D+00  0.11217890055560D+00
   3   1   1   2  0.19616080178194D+00  0.19615976338078D+00
   1   2   1   2  0.46976427710763D+01  0.10292998726346D-15
   2   2   1   2  0.20554682773536D+01  0.16670766205151D-05
   3   2   1   2  0.13688333068441D+01 -0.30108926103464D-08
   1   1   2   2  0.36198056709643D+00  0.36198445940170D+00
   2   1   2   2  0.25607365666618D+00  0.25607694578016D+00
   3   1   2   2  0.19616080178196D+00  0.19615976338073D+00
   1   2   2   2  0.20554682773538D+01 -0.16670766201968D-05
   2   2   2   2  0.34973027547667D+01  0.34039107764730D-15
   3   2   2   2  0.13691585889621D+01 -0.21482503244334D-05
   1   1   3   2  0.19615855430357D+00  0.19615635808010D+00
   2   1   3   2  0.19616114689011D+00  0.19616172752666D+00
   3   1   3   2  0.39232160356391D+00  0.39231952676153D+00
   1   2   3   2  0.13688333068443D+01  0.30108925831603D-08
   2   2   3   2  0.13691585889621D+01  0.21482503247568D-05
   3   2   3   2  0.27393081554430D+01  0.59772292309611D-16
  
 2nd derivatives (non-stat.)  - # elements :      36
 qpt -2.50000000E-01  2.50000000E-01  0.00000000E+00   1.0
   1   1   1   1  0.37669393440829D+01 -0.57574845300881D-16
   2   1   1   1  0.63362117417000D+00 -0.26455629654774D-07
   3   1   1   1  0.11082823282686D+01  0.48240549545961D-07
   1   2   1   1 -0.85131350776032D+00 -0.12655552959165D-06
   2   2   1   1  0.47906768682665D-01  0.20475814383322D-05
   3   2   1   1 -0.19803569228892D+00  0.19121184968819D-05
   1   1   2   1  0.63362117417000D+00  0.26455629888631D-07
   2   1   2   1  0.37669393440865D+01 -0.85040964007056D-16
   3   1   2   1  0.11082772858863D+01 -0.48577890214003D-07
   1   2   2   1  0.47906768682665D-01 -0.20475814388650D-05
   2   2   2   1 -0.85131350776034D+00  0.12655553309106D-06
   3   2   2   1 -0.19803336364718D+00 -0.12464764226915D-05
   1   1   3   1  0.11082823282677D+01 -0.48240548360272D-07
   2   1   3   1  0.11082772858872D+01  0.48577890901640D-07
   3   1   3   1  0.22165596141622D+01 -0.23261338861278D-16
   1   2   3   1 -0.19803452796814D+00  0.33282110532109D-06
   2   2   3   1 -0.19803452796814D+00 -0.33282110742768D-06
   3   2   3   1 -0.39606905593628D+00  0.66564227319327D-06
   1   1   1   2 -0.85131350776032D+00  0.12655552959165D-06
   2   1   1   2  0.47906768682665D-01  0.20475814388650D-05
   3   1   1   2 -0.19803452796814D+00 -0.33282110532109D-06
   1   2   1   2  0.36830047822064D+01 -0.20726944308317D-16
   2   2   1   2  0.98593448032977D+00  0.19119382758764D-05
   3   2   1   2  0.11416452859830D+01  0.19100285616923D-05
   1   1   2   2  0.47906768682665D-01 -0.20475814383322D-05
   2   1   2   2 -0.85131350776034D+00 -0.12655553309106D-06
   3   1   2   2 -0.19803452796814D+00  0.33282110742768D-06
   1   2   2   2  0.98593448033000D+00 -0.19119382757922D-05
   2   2   2   2  0.36830047822068D+01 -0.30614747042540D-16
   3   2   2   2  0.11415413471183D+01 -0.19003868603835D-05
   1   1   3   2 -0.19803569228892D+00 -0.19121184968819D-05
   2   1   3   2 -0.19803336364718D+00  0.12464764226915D-05
   3   1   3   2 -0.39606905593628D+00 -0.66564227319327D-06
   1   2   3   2  0.11416452859833D+01 -0.19100285612654D-05
   2   2   3   2  0.11415413471183D+01  0.19003868606311D-05
   3   2   3   2  0.22836578777142D+01 -0.83740819900599D-17
  
 2nd derivatives (non-stat.)  - # elements :      36
 qpt  5.00000000E-01  5.00000000E-01  0.00000000E+00   1.0
   1   1   1   1  0.40287983737489D+01  0.00000000000000D+00
   2   1   1   1  0.25408148446431D+01  0.00000000000000D+00
   3   1   1   1  0.14879835291104D+01  0.00000000000000D+00
   1   2   1   1  0.56311406058035D+00 -0.27862023156898D-06
   2   2   1   1  0.15582308988353D+00 -0.27646196428485D-05
   3   2   1   1  0.40729097069685D+00  0.24859994112796D-05
   1   1   2   1  0.25408148446431D+01  0.00000000000000D+00
   2   1   2   1  0.40287983737508D+01  0.00000000000000D+00
   3   1   2   1  0.14879835291085D+01  0.00000000000000D+00
   1   2   2   1  0.15582308988353D+00 -0.27646196428485D-05
   2   2   2   1  0.56311406058038D+00 -0.27862023156898D-06
   3   2   2   1  0.40729097069685D+00  0.24859994112796D-05
   1   1   3   1  0.14879835291113D+01  0.00000000000000D+00
   2   1   3   1  0.14879835291094D+01  0.00000000000000D+00
   3   1   3   1  0.29759670582243D+01  0.00000000000000D+00
   1   2   3   1  0.40729097069684D+00  0.24859994112796D-05
   2   2   3   1  0.40729097069683D+00  0.24859994112796D-05
   3   2   3   1  0.81458194139378D+00  0.49719988225591D-05
   1   1   1   2  0.56311406058022D+00  0.27862021460000D-06
   2   1   1   2  0.15582308988337D+00  0.27646196258796D-05
   3   1   1   2  0.40729097069683D+00 -0.24859994112796D-05
   1   2   1   2  0.43101797713698D+01  0.00000000000000D+00
   2   2   1   2  0.27234520939561D+01  0.00000000000000D+00
   3   2   1   2  0.15867276774138D+01  0.00000000000000D+00
   1   1   2   2  0.15582308988337D+00  0.27646196258796D-05
   2   1   2   2  0.56311406058020D+00  0.27862021460000D-06
   3   1   2   2  0.40729097069683D+00 -0.24859994112796D-05
   1   2   2   2  0.27234520939566D+01  0.00000000000000D+00
   2   2   2   2  0.43101797713700D+01  0.00000000000000D+00
   3   2   2   2  0.15867276774137D+01  0.00000000000000D+00
   1   1   3   2  0.40729097069686D+00 -0.24859994112796D-05
   2   1   3   2  0.40729097069685D+00 -0.24859994112796D-05
   3   1   3   2  0.81458194139378D+00 -0.49719988225591D-05
   1   2   3   2  0.15867276774142D+01  0.00000000000000D+00
   2   2   3   2  0.15867276774139D+01  0.00000000000000D+00
   3   2   3   2  0.31734553548288D+01  0.00000000000000D+00
  
 2nd derivatives (non-stat.)  - # elements :      36
 qpt -2.50000000E-01  5.00000000E-01  2.50000000E-01   1.0
   1   1   1   1  0.37755477036499D+01  0.35207130987584D-08
   2   1   1   1  0.20404951970286D+01 -0.60997659852355D-08
   3   1   1   1  0.17350512545090D+01  0.35207134621787D-08
   1   2   1   1  0.14338432344163D-08 -0.84763290128762D-01
   2   2   1   1  0.15935194984349D-05 -0.84760542518680D-01
   3   2   1   1 -0.10279702081642D-13 -0.91479432691874D-14
   1   1   2   1  0.20404951970286D+01  0.60997645106075D-08
   2   1   2   1  0.40809808074264D+01  0.22235414447295D-17
   3   1   2   1  0.20404856011473D+01 -0.60294516744836D-08
   1   2   2   1  0.14338194617438D-08 -0.84763290128691D-01
   2   2   2   1  0.23926090959964D-05  0.84971663602520D-05
   3   2   2   1 -0.14339131521391D-08  0.84763290128706D-01
   1   1   3   1  0.17350512545072D+01  0.35207134621787D-08
   2   1   3   1  0.20404856011482D+01  0.60294510296229D-08
   3   1   3   1  0.37755477036553D+01  0.35207150892169D-08
   1   2   3   1 -0.10279702266931D-13 -0.91479432691874D-14
   2   2   3   1  0.80927891769224D-06  0.84763645337560D-01
   3   2   3   1 -0.14338925367174D-08  0.84763290128649D-01
   1   1   1   2 -0.14339237102847D-08  0.84755168778315D-01
   2   1   1   2 -0.14339474829569D-08  0.84755168778273D-01
   3   1   1   2 -0.10279701790475D-13  0.91479432691874D-14
   1   2   1   2  0.39480029335652D+01 -0.16179184577033D-08
   2   2   1   2  0.22165441659472D+01 -0.26605169112554D-07
   3   2   1   2  0.17301351239490D+01 -0.16179183268720D-08
   1   1   2   2  0.15935194984349D-05  0.84760542518680D-01
   2   1   2   2  0.23926090959964D-05 -0.84971663602520D-05
   3   1   2   2  0.80927891769224D-06 -0.84763645337560D-01
   1   2   2   2  0.22165441659474D+01  0.26605168581688D-07
   2   2   2   2  0.44335101323313D+01  0.80047492010262D-18
   3   2   2   2  0.22165150070272D+01  0.92729535162042D-07
   1   1   3   2 -0.10279701644891D-13  0.91479432691874D-14
   2   1   3   2  0.14338537925635D-08 -0.84755168778287D-01
   3   1   3   2  0.14338744079847D-08 -0.84755168778216D-01
   1   2   3   2  0.17301351239493D+01 -0.16179183268720D-08
   2   2   3   2  0.22165150070272D+01 -0.92729535394192D-07
   3   2   3   2  0.39480029335664D+01 -0.16179177411383D-08

 List of bloks and their characteristics 
  
 2nd derivatives (non-stat.)  - # elements :      81
 qpt  0.00000000E+00  0.00000000E+00  0.00000000E+00   1.0
  
 2nd derivatives (non-stat.)  - # elements :      36
 qpt  2.50000000E-01  0.00000000E+00  0.00000000E+00   1.0
  
 2nd derivatives (non-stat.)  - # elements :      36
 qpt  5.00000000E-01  0.00000000E+00  0.00000000E+00   1.0
  
 2nd derivatives (non-stat.)  - # elements :      36
 qpt  2.50000000E-01  2.50000000E-01  0.00000000E+00   1.0
  
 2nd derivatives (non-stat.)  - # elements :      36
 qpt  5.00000000E-01  2.50000000E-01  0.00000000E+00   1.0
  
 2nd derivatives (non-stat.)  - # elements :      36
 qpt -2.50000000E-01  2.50000000E-01  0.00000000E+00   1.0
  
 2nd derivatives (non-stat.)  - # elements :      36
 qpt  5.00000000E-01  5.00000000E-01  0.00000000E+00   1.0
  
 2nd derivatives (non-stat.)  - # elements :      36
 qpt -2.50000000E-01  5.00000000E-01  2.50000000E-01   1.0
