
 **** DERIVATIVE DATABASE ****    
+DDB, Version number    100401

  Note : temporary (transfer) database

    usepaw         0
     natom         2
      nkpt        36
    nsppol         1
      nsym        48
    ntypat         2
    occopt         1
     nband        12
     acell  0.10000000000000D+01  0.10000000000000D+01  0.10000000000000D+01
       amu  0.15999400000000D+02  0.24305000000000D+02
   dilatmx  0.10000000000000D+01
      ecut  0.35000000000000D+02
    ecutsm  0.00000000000000D+00
     intxc         0
      iscf         7
       ixc        11
       kpt  0.00000000000000D+00  0.00000000000000D+00  0.00000000000000D+00
            0.25000000000000D+00  0.00000000000000D+00  0.00000000000000D+00
            0.50000000000000D+00  0.00000000000000D+00  0.00000000000000D+00
            0.00000000000000D+00  0.25000000000000D+00  0.00000000000000D+00
            0.25000000000000D+00  0.25000000000000D+00  0.00000000000000D+00
            0.50000000000000D+00  0.25000000000000D+00  0.00000000000000D+00
           -0.25000000000000D+00  0.25000000000000D+00  0.00000000000000D+00
            0.00000000000000D+00  0.50000000000000D+00  0.00000000000000D+00
            0.25000000000000D+00  0.50000000000000D+00  0.00000000000000D+00
            0.50000000000000D+00  0.50000000000000D+00  0.00000000000000D+00
            0.00000000000000D+00  0.00000000000000D+00  0.25000000000000D+00
            0.25000000000000D+00  0.00000000000000D+00  0.25000000000000D+00
            0.50000000000000D+00  0.00000000000000D+00  0.25000000000000D+00
           -0.25000000000000D+00  0.00000000000000D+00  0.25000000000000D+00
            0.00000000000000D+00  0.25000000000000D+00  0.25000000000000D+00
            0.25000000000000D+00  0.25000000000000D+00  0.25000000000000D+00
            0.50000000000000D+00  0.25000000000000D+00  0.25000000000000D+00
           -0.25000000000000D+00  0.25000000000000D+00  0.25000000000000D+00
            0.00000000000000D+00  0.50000000000000D+00  0.25000000000000D+00
            0.25000000000000D+00  0.50000000000000D+00  0.25000000000000D+00
            0.50000000000000D+00  0.50000000000000D+00  0.25000000000000D+00
           -0.25000000000000D+00  0.50000000000000D+00  0.25000000000000D+00
            0.00000000000000D+00 -0.25000000000000D+00  0.25000000000000D+00
            0.25000000000000D+00 -0.25000000000000D+00  0.25000000000000D+00
            0.50000000000000D+00 -0.25000000000000D+00  0.25000000000000D+00
           -0.25000000000000D+00 -0.25000000000000D+00  0.25000000000000D+00
            0.00000000000000D+00  0.00000000000000D+00  0.50000000000000D+00
            0.25000000000000D+00  0.00000000000000D+00  0.50000000000000D+00
            0.50000000000000D+00  0.00000000000000D+00  0.50000000000000D+00
            0.00000000000000D+00  0.25000000000000D+00  0.50000000000000D+00
            0.25000000000000D+00  0.25000000000000D+00  0.50000000000000D+00
            0.50000000000000D+00  0.25000000000000D+00  0.50000000000000D+00
           -0.25000000000000D+00  0.25000000000000D+00  0.50000000000000D+00
            0.00000000000000D+00  0.50000000000000D+00  0.50000000000000D+00
            0.25000000000000D+00  0.50000000000000D+00  0.50000000000000D+00
            0.50000000000000D+00  0.50000000000000D+00  0.50000000000000D+00
    kptnrm  0.10000000000000D+01
     ngfft        32   32   32
    nspden         1
   nspinor         1
       occ  0.20000000000000D+01  0.20000000000000D+01  0.20000000000000D+01
            0.20000000000000D+01  0.20000000000000D+01  0.20000000000000D+01
            0.20000000000000D+01  0.20000000000000D+01  0.00000000000000D+00
            0.00000000000000D+00  0.00000000000000D+00  0.00000000000000D+00
     rprim  0.00000000000000D+00  0.40182361526000D+01  0.40182361526000D+01
            0.40182361526000D+01  0.00000000000000D+00  0.40182361526000D+01
            0.40182361526000D+01  0.40182361526000D+01  0.00000000000000D+00
  dfpt_sciss  0.00000000000000D+00
    spinat  0.00000000000000D+00  0.00000000000000D+00  0.00000000000000D+00
            0.00000000000000D+00  0.00000000000000D+00  0.00000000000000D+00
    symafm         1    1    1    1    1    1    1    1    1    1    1    1
                   1    1    1    1    1    1    1    1    1    1    1    1
                   1    1    1    1    1    1    1    1    1    1    1    1
                   1    1    1    1    1    1    1    1    1    1    1    1
    symrel         1    0    0    0    1    0    0    0    1
                  -1    0    0    0   -1    0    0    0   -1
                   0   -1    1    0   -1    0    1   -1    0
                   0    1   -1    0    1    0   -1    1    0
                  -1    0    0   -1    0    1   -1    1    0
                   1    0    0    1    0   -1    1   -1    0
                   0    1   -1    1    0   -1    0    0   -1
                   0   -1    1   -1    0    1    0    0    1
                  -1    0    0   -1    1    0   -1    0    1
                   1    0    0    1   -1    0    1    0   -1
                   0   -1    1    1   -1    0    0   -1    0
                   0    1   -1   -1    1    0    0    1    0
                   1    0    0    0    0    1    0    1    0
                  -1    0    0    0    0   -1    0   -1    0
                   0    1   -1    0    0   -1    1    0   -1
                   0   -1    1    0    0    1   -1    0    1
                  -1    0    1   -1    1    0   -1    0    0
                   1    0   -1    1   -1    0    1    0    0
                   0   -1    0    1   -1    0    0   -1    1
                   0    1    0   -1    1    0    0    1   -1
                   1    0   -1    0    0   -1    0    1   -1
                  -1    0    1    0    0    1    0   -1    1
                   0    1    0    0    0    1    1    0    0
                   0   -1    0    0    0   -1   -1    0    0
                   1    0   -1    0    1   -1    0    0   -1
                  -1    0    1    0   -1    1    0    0    1
                   0   -1    0    0   -1    1    1   -1    0
                   0    1    0    0    1   -1   -1    1    0
                  -1    0    1   -1    0    0   -1    1    0
                   1    0   -1    1    0    0    1   -1    0
                   0    1    0    1    0    0    0    0    1
                   0   -1    0   -1    0    0    0    0   -1
                   0    0   -1    0    1   -1    1    0   -1
                   0    0    1    0   -1    1   -1    0    1
                   1   -1    0    0   -1    1    0   -1    0
                  -1    1    0    0    1   -1    0    1    0
                   0    0    1    1    0    0    0    1    0
                   0    0   -1   -1    0    0    0   -1    0
                  -1    1    0   -1    0    0   -1    0    1
                   1   -1    0    1    0    0    1    0   -1
                   0    0    1    0    1    0    1    0    0
                   0    0   -1    0   -1    0   -1    0    0
                   1   -1    0    0   -1    0    0   -1    1
                  -1    1    0    0    1    0    0    1   -1
                   0    0   -1    1    0   -1    0    1   -1
                   0    0    1   -1    0    1    0   -1    1
                  -1    1    0   -1    0    1   -1    0    0
                   1   -1    0    1    0   -1    1    0    0
     tnons  0.00000000000000D+00  0.00000000000000D+00  0.00000000000000D+00
            0.00000000000000D+00  0.00000000000000D+00  0.00000000000000D+00
            0.00000000000000D+00  0.00000000000000D+00  0.00000000000000D+00
            0.00000000000000D+00  0.00000000000000D+00  0.00000000000000D+00
            0.00000000000000D+00  0.00000000000000D+00  0.00000000000000D+00
            0.00000000000000D+00  0.00000000000000D+00  0.00000000000000D+00
            0.00000000000000D+00  0.00000000000000D+00  0.00000000000000D+00
            0.00000000000000D+00  0.00000000000000D+00  0.00000000000000D+00
            0.00000000000000D+00  0.00000000000000D+00  0.00000000000000D+00
            0.00000000000000D+00  0.00000000000000D+00  0.00000000000000D+00
            0.00000000000000D+00  0.00000000000000D+00  0.00000000000000D+00
            0.00000000000000D+00  0.00000000000000D+00  0.00000000000000D+00
            0.00000000000000D+00  0.00000000000000D+00  0.00000000000000D+00
            0.00000000000000D+00  0.00000000000000D+00  0.00000000000000D+00
            0.00000000000000D+00  0.00000000000000D+00  0.00000000000000D+00
            0.00000000000000D+00  0.00000000000000D+00  0.00000000000000D+00
            0.00000000000000D+00  0.00000000000000D+00  0.00000000000000D+00
            0.00000000000000D+00  0.00000000000000D+00  0.00000000000000D+00
            0.00000000000000D+00  0.00000000000000D+00  0.00000000000000D+00
            0.00000000000000D+00  0.00000000000000D+00  0.00000000000000D+00
            0.00000000000000D+00  0.00000000000000D+00  0.00000000000000D+00
            0.00000000000000D+00  0.00000000000000D+00  0.00000000000000D+00
            0.00000000000000D+00  0.00000000000000D+00  0.00000000000000D+00
            0.00000000000000D+00  0.00000000000000D+00  0.00000000000000D+00
            0.00000000000000D+00  0.00000000000000D+00  0.00000000000000D+00
            0.00000000000000D+00  0.00000000000000D+00  0.00000000000000D+00
            0.00000000000000D+00  0.00000000000000D+00  0.00000000000000D+00
            0.00000000000000D+00  0.00000000000000D+00  0.00000000000000D+00
            0.00000000000000D+00  0.00000000000000D+00  0.00000000000000D+00
            0.00000000000000D+00  0.00000000000000D+00  0.00000000000000D+00
            0.00000000000000D+00  0.00000000000000D+00  0.00000000000000D+00
            0.00000000000000D+00  0.00000000000000D+00  0.00000000000000D+00
            0.00000000000000D+00  0.00000000000000D+00  0.00000000000000D+00
            0.00000000000000D+00  0.00000000000000D+00  0.00000000000000D+00
            0.00000000000000D+00  0.00000000000000D+00  0.00000000000000D+00
            0.00000000000000D+00  0.00000000000000D+00  0.00000000000000D+00
            0.00000000000000D+00  0.00000000000000D+00  0.00000000000000D+00
            0.00000000000000D+00  0.00000000000000D+00  0.00000000000000D+00
            0.00000000000000D+00  0.00000000000000D+00  0.00000000000000D+00
            0.00000000000000D+00  0.00000000000000D+00  0.00000000000000D+00
            0.00000000000000D+00  0.00000000000000D+00  0.00000000000000D+00
            0.00000000000000D+00  0.00000000000000D+00  0.00000000000000D+00
            0.00000000000000D+00  0.00000000000000D+00  0.00000000000000D+00
            0.00000000000000D+00  0.00000000000000D+00  0.00000000000000D+00
            0.00000000000000D+00  0.00000000000000D+00  0.00000000000000D+00
            0.00000000000000D+00  0.00000000000000D+00  0.00000000000000D+00
            0.00000000000000D+00  0.00000000000000D+00  0.00000000000000D+00
            0.00000000000000D+00  0.00000000000000D+00  0.00000000000000D+00
    tolwfr  0.10000000000000D+01
   tphysel  0.00000000000000D+00
    tsmear  0.10000000000000D-01
     typat         2    1
       wtk  0.15625000000000D-01  0.31250000000000D-01  0.15625000000000D-01
            0.31250000000000D-01  0.31250000000000D-01  0.31250000000000D-01
            0.31250000000000D-01  0.15625000000000D-01  0.31250000000000D-01
            0.15625000000000D-01  0.31250000000000D-01  0.31250000000000D-01
            0.31250000000000D-01  0.31250000000000D-01  0.31250000000000D-01
            0.31250000000000D-01  0.31250000000000D-01  0.31250000000000D-01
            0.31250000000000D-01  0.31250000000000D-01  0.31250000000000D-01
            0.31250000000000D-01  0.31250000000000D-01  0.31250000000000D-01
            0.31250000000000D-01  0.31250000000000D-01  0.15625000000000D-01
            0.31250000000000D-01  0.15625000000000D-01  0.31250000000000D-01
            0.31250000000000D-01  0.31250000000000D-01  0.31250000000000D-01
            0.15625000000000D-01  0.31250000000000D-01  0.15625000000000D-01
      xred  0.00000000000000D+00  0.00000000000000D+00  0.00000000000000D+00
            0.50000000000000D+00  0.50000000000000D+00  0.50000000000000D+00
     znucl  0.80000000000000D+01  0.12000000000000D+02
      zion  0.60000000000000D+01  0.10000000000000D+02
 
  Description of the potentials (KB energies)
  vrsio8 (for pseudopotentials)=100401
  usepaw =  0
  dimekb =  5       lmnmax=  5
  Atom type=    1   pspso=  0   nekb=   5
  iln lpsang iproj  ekb(:)
     1     0     1     5.2572115E+00  0.0000000E+00  0.0000000E+00  0.0000000E+00
                       0.0000000E+00
     2     0     2     0.0000000E+00  7.0424089E-01  0.0000000E+00  0.0000000E+00
                       0.0000000E+00
     3     1     1     0.0000000E+00  0.0000000E+00 -5.1354431E+00  0.0000000E+00
                       0.0000000E+00
     4     1     2     0.0000000E+00  0.0000000E+00  0.0000000E+00 -1.4517815E+00
                       0.0000000E+00
     5     2     1     0.0000000E+00  0.0000000E+00  0.0000000E+00  0.0000000E+00
                      -4.3714856E+00
  Atom type=    2   pspso=  0   nekb=   4
  iln lpsang iproj  ekb(:)
     1     0     1     2.5680490E+00  0.0000000E+00  0.0000000E+00  0.0000000E+00
     2     0     2     0.0000000E+00 -8.0594974E-01  0.0000000E+00  0.0000000E+00
     3     1     1     0.0000000E+00  0.0000000E+00 -6.6059007E+00  0.0000000E+00
     4     1     2     0.0000000E+00  0.0000000E+00  0.0000000E+00 -2.6640738E+00
 
 **** Database of total energy derivatives ****
 Number of data blocks=    1

 2nd derivatives (non-stat.)  - # elements :      72
 qpt  0.00000000E+00  0.00000000E+00  0.00000000E+00   1.0
   1   1   1   1  0.18297341519319D+01  0.00000000000000D+00
   1   1   2   1  0.91486707596505D+00  0.00000000000000D+00
   1   1   3   1  0.91486707596323D+00  0.00000000000000D+00
   1   1   1   2 -0.15868769945823D+01  0.00000000000000D+00
   1   1   2   2 -0.79343849729111D+00  0.00000000000000D+00
   1   1   3   2 -0.79343849729107D+00  0.00000000000000D+00
   1   1   1   4 -0.50278588002306D+02  0.00000000000000D+00
   1   1   2   4  0.12476265917464D-15  0.00000000000000D+00
   1   1   3   4  0.15272625196490D-15  0.00000000000000D+00
   2   1   1   1  0.91486707596414D+00  0.00000000000000D+00
   2   1   2   1  0.18297341519356D+01  0.00000000000000D+00
   2   1   3   1  0.91486707596323D+00  0.00000000000000D+00
   2   1   1   2 -0.79343849729110D+00  0.00000000000000D+00
   2   1   2   2 -0.15868769945823D+01  0.00000000000000D+00
   2   1   3   2 -0.79343849729107D+00  0.00000000000000D+00
   2   1   1   4  0.00000000000000D+00  0.00000000000000D+00
   2   1   2   4 -0.50278588002306D+02  0.00000000000000D+00
   2   1   3   4 -0.95555480845652D-16  0.00000000000000D+00
   3   1   1   1  0.91486707596414D+00  0.00000000000000D+00
   3   1   2   1  0.91486707596505D+00  0.00000000000000D+00
   3   1   3   1  0.18297341519392D+01  0.00000000000000D+00
   3   1   1   2 -0.79343849729108D+00  0.00000000000000D+00
   3   1   2   2 -0.79343849729108D+00  0.00000000000000D+00
   3   1   3   2 -0.15868769945822D+01  0.00000000000000D+00
   3   1   1   4 -0.14802973661669D-15  0.00000000000000D+00
   3   1   2   4  0.33903693677195D-16  0.00000000000000D+00
   3   1   3   4 -0.50278588002306D+02  0.00000000000000D+00
   1   2   1   1 -0.15868769945823D+01  0.00000000000000D+00
   1   2   2   1 -0.79343849729111D+00  0.00000000000000D+00
   1   2   3   1 -0.79343849729109D+00  0.00000000000000D+00
   1   2   1   4 -0.50792384130842D+02  0.00000000000000D+00
   1   2   2   4  0.22627073464320D-17  0.00000000000000D+00
   1   2   3   4  0.60929056306212D-16  0.00000000000000D+00
   2   2   1   1 -0.79343849729110D+00  0.00000000000000D+00
   2   2   2   1 -0.15868769945823D+01  0.00000000000000D+00
   2   2   3   1 -0.79343849729106D+00  0.00000000000000D+00
   2   2   1   4 -0.14802973661669D-15  0.00000000000000D+00
   2   2   2   4 -0.50792384130842D+02  0.00000000000000D+00
   2   2   3   4 -0.83573352773793D-16  0.00000000000000D+00
   3   2   1   1 -0.79343849729107D+00  0.00000000000000D+00
   3   2   2   1 -0.79343849729107D+00  0.00000000000000D+00
   3   2   3   1 -0.15868769945823D+01  0.00000000000000D+00
   3   2   1   4  0.00000000000000D+00  0.00000000000000D+00
   3   2   2   4  0.35755519458130D-16  0.00000000000000D+00
   3   2   3   4 -0.50792384130842D+02  0.00000000000000D+00
   1   4   1   1 -0.50278586960042D+02  0.00000000000000D+00
   1   4   2   1  0.00000000000000D+00  0.00000000000000D+00
   1   4   3   1  0.00000000000000D+00  0.00000000000000D+00
   1   4   1   2 -0.50792384130842D+02  0.00000000000000D+00
   1   4   2   2  0.14802973661669D-15  0.00000000000000D+00
   1   4   3   2 -0.14802973661669D-15  0.00000000000000D+00
   1   4   1   4 -0.45954179496673D+02  0.00000000000000D+00
   1   4   2   4  0.15318059832224D+02  0.00000000000000D+00
   1   4   3   4  0.15318059832224D+02  0.00000000000000D+00
   2   4   1   1  0.76984918751812D-16  0.00000000000000D+00
   2   4   2   1 -0.50278586960042D+02  0.00000000000000D+00
   2   4   3   1 -0.11412604293949D-15  0.00000000000000D+00
   2   4   1   2  0.90628149019316D-16  0.00000000000000D+00
   2   4   2   2 -0.50792384130842D+02  0.00000000000000D+00
   2   4   3   2  0.35755519458130D-16  0.00000000000000D+00
   2   4   1   4  0.15318059832224D+02  0.00000000000000D+00
   2   4   2   4 -0.45954179496673D+02  0.00000000000000D+00
   2   4   3   4  0.15318059832224D+02  0.00000000000000D+00
   3   4   1   1  0.18570562093840D-16  0.00000000000000D+00
   3   4   2   1 -0.12945917452285D-15  0.00000000000000D+00
   3   4   3   1 -0.50278586960042D+02  0.00000000000000D+00
   3   4   1   2  0.17673060100145D-15  0.00000000000000D+00
   3   4   2   2 -0.27436244194514D-16  0.00000000000000D+00
   3   4   3   2 -0.50792384130842D+02  0.00000000000000D+00
   3   4   1   4  0.15318059832224D+02  0.00000000000000D+00
   3   4   2   4  0.15318059832224D+02  0.00000000000000D+00
   3   4   3   4 -0.45954179496673D+02  0.00000000000000D+00
