
 **** DERIVATIVE DATABASE ****    
+DDB, Version number    100401

  Note : temporary (transfer) database

    usepaw         0
     natom         2
      nkpt        64
    nsppol         1
      nsym        48
    ntypat         2
    occopt         1
     nband        12
     acell  0.10000000000000D+01  0.10000000000000D+01  0.10000000000000D+01
       amu  0.15999400000000D+02  0.24305000000000D+02
   dilatmx  0.10000000000000D+01
      ecut  0.35000000000000D+02
    ecutsm  0.00000000000000D+00
     intxc         0
      iscf         7
       ixc        11
       kpt  0.00000000000000D+00  0.00000000000000D+00  0.00000000000000D+00
            0.25000000000000D+00  0.00000000000000D+00  0.00000000000000D+00
            0.50000000000000D+00  0.00000000000000D+00  0.00000000000000D+00
           -0.25000000000000D+00  0.00000000000000D+00  0.00000000000000D+00
            0.00000000000000D+00  0.25000000000000D+00  0.00000000000000D+00
            0.25000000000000D+00  0.25000000000000D+00  0.00000000000000D+00
            0.50000000000000D+00  0.25000000000000D+00  0.00000000000000D+00
           -0.25000000000000D+00  0.25000000000000D+00  0.00000000000000D+00
            0.00000000000000D+00  0.50000000000000D+00  0.00000000000000D+00
            0.25000000000000D+00  0.50000000000000D+00  0.00000000000000D+00
            0.50000000000000D+00  0.50000000000000D+00  0.00000000000000D+00
           -0.25000000000000D+00  0.50000000000000D+00  0.00000000000000D+00
            0.00000000000000D+00 -0.25000000000000D+00  0.00000000000000D+00
            0.25000000000000D+00 -0.25000000000000D+00  0.00000000000000D+00
            0.50000000000000D+00 -0.25000000000000D+00  0.00000000000000D+00
           -0.25000000000000D+00 -0.25000000000000D+00  0.00000000000000D+00
            0.00000000000000D+00  0.00000000000000D+00  0.25000000000000D+00
            0.25000000000000D+00  0.00000000000000D+00  0.25000000000000D+00
            0.50000000000000D+00  0.00000000000000D+00  0.25000000000000D+00
           -0.25000000000000D+00  0.00000000000000D+00  0.25000000000000D+00
            0.00000000000000D+00  0.25000000000000D+00  0.25000000000000D+00
            0.25000000000000D+00  0.25000000000000D+00  0.25000000000000D+00
            0.50000000000000D+00  0.25000000000000D+00  0.25000000000000D+00
           -0.25000000000000D+00  0.25000000000000D+00  0.25000000000000D+00
            0.00000000000000D+00  0.50000000000000D+00  0.25000000000000D+00
            0.25000000000000D+00  0.50000000000000D+00  0.25000000000000D+00
            0.50000000000000D+00  0.50000000000000D+00  0.25000000000000D+00
           -0.25000000000000D+00  0.50000000000000D+00  0.25000000000000D+00
            0.00000000000000D+00 -0.25000000000000D+00  0.25000000000000D+00
            0.25000000000000D+00 -0.25000000000000D+00  0.25000000000000D+00
            0.50000000000000D+00 -0.25000000000000D+00  0.25000000000000D+00
           -0.25000000000000D+00 -0.25000000000000D+00  0.25000000000000D+00
            0.00000000000000D+00  0.00000000000000D+00  0.50000000000000D+00
            0.25000000000000D+00  0.00000000000000D+00  0.50000000000000D+00
            0.50000000000000D+00  0.00000000000000D+00  0.50000000000000D+00
           -0.25000000000000D+00  0.00000000000000D+00  0.50000000000000D+00
            0.00000000000000D+00  0.25000000000000D+00  0.50000000000000D+00
            0.25000000000000D+00  0.25000000000000D+00  0.50000000000000D+00
            0.50000000000000D+00  0.25000000000000D+00  0.50000000000000D+00
           -0.25000000000000D+00  0.25000000000000D+00  0.50000000000000D+00
            0.00000000000000D+00  0.50000000000000D+00  0.50000000000000D+00
            0.25000000000000D+00  0.50000000000000D+00  0.50000000000000D+00
            0.50000000000000D+00  0.50000000000000D+00  0.50000000000000D+00
           -0.25000000000000D+00  0.50000000000000D+00  0.50000000000000D+00
            0.00000000000000D+00 -0.25000000000000D+00  0.50000000000000D+00
            0.25000000000000D+00 -0.25000000000000D+00  0.50000000000000D+00
            0.50000000000000D+00 -0.25000000000000D+00  0.50000000000000D+00
           -0.25000000000000D+00 -0.25000000000000D+00  0.50000000000000D+00
            0.00000000000000D+00  0.00000000000000D+00 -0.25000000000000D+00
            0.25000000000000D+00  0.00000000000000D+00 -0.25000000000000D+00
            0.50000000000000D+00  0.00000000000000D+00 -0.25000000000000D+00
           -0.25000000000000D+00  0.00000000000000D+00 -0.25000000000000D+00
            0.00000000000000D+00  0.25000000000000D+00 -0.25000000000000D+00
            0.25000000000000D+00  0.25000000000000D+00 -0.25000000000000D+00
            0.50000000000000D+00  0.25000000000000D+00 -0.25000000000000D+00
           -0.25000000000000D+00  0.25000000000000D+00 -0.25000000000000D+00
            0.00000000000000D+00  0.50000000000000D+00 -0.25000000000000D+00
            0.25000000000000D+00  0.50000000000000D+00 -0.25000000000000D+00
            0.50000000000000D+00  0.50000000000000D+00 -0.25000000000000D+00
           -0.25000000000000D+00  0.50000000000000D+00 -0.25000000000000D+00
            0.00000000000000D+00 -0.25000000000000D+00 -0.25000000000000D+00
            0.25000000000000D+00 -0.25000000000000D+00 -0.25000000000000D+00
            0.50000000000000D+00 -0.25000000000000D+00 -0.25000000000000D+00
           -0.25000000000000D+00 -0.25000000000000D+00 -0.25000000000000D+00
    kptnrm  0.10000000000000D+01
     ngfft        32   32   32
    nspden         1
   nspinor         1
       occ  0.20000000000000D+01  0.20000000000000D+01  0.20000000000000D+01
            0.20000000000000D+01  0.20000000000000D+01  0.20000000000000D+01
            0.20000000000000D+01  0.20000000000000D+01  0.00000000000000D+00
            0.00000000000000D+00  0.00000000000000D+00  0.00000000000000D+00
     rprim  0.00000000000000D+00  0.40182361526000D+01  0.40182361526000D+01
            0.40182361526000D+01  0.00000000000000D+00  0.40182361526000D+01
            0.40182361526000D+01  0.40182361526000D+01  0.00000000000000D+00
  dfpt_sciss  0.00000000000000D+00
    spinat  0.00000000000000D+00  0.00000000000000D+00  0.00000000000000D+00
            0.00000000000000D+00  0.00000000000000D+00  0.00000000000000D+00
    symafm         1    1    1    1    1    1    1    1    1    1    1    1
                   1    1    1    1    1    1    1    1    1    1    1    1
                   1    1    1    1    1    1    1    1    1    1    1    1
                   1    1    1    1    1    1    1    1    1    1    1    1
    symrel         1    0    0    0    1    0    0    0    1
                  -1    0    0    0   -1    0    0    0   -1
                   0   -1    1    0   -1    0    1   -1    0
                   0    1   -1    0    1    0   -1    1    0
                  -1    0    0   -1    0    1   -1    1    0
                   1    0    0    1    0   -1    1   -1    0
                   0    1   -1    1    0   -1    0    0   -1
                   0   -1    1   -1    0    1    0    0    1
                  -1    0    0   -1    1    0   -1    0    1
                   1    0    0    1   -1    0    1    0   -1
                   0   -1    1    1   -1    0    0   -1    0
                   0    1   -1   -1    1    0    0    1    0
                   1    0    0    0    0    1    0    1    0
                  -1    0    0    0    0   -1    0   -1    0
                   0    1   -1    0    0   -1    1    0   -1
                   0   -1    1    0    0    1   -1    0    1
                  -1    0    1   -1    1    0   -1    0    0
                   1    0   -1    1   -1    0    1    0    0
                   0   -1    0    1   -1    0    0   -1    1
                   0    1    0   -1    1    0    0    1   -1
                   1    0   -1    0    0   -1    0    1   -1
                  -1    0    1    0    0    1    0   -1    1
                   0    1    0    0    0    1    1    0    0
                   0   -1    0    0    0   -1   -1    0    0
                   1    0   -1    0    1   -1    0    0   -1
                  -1    0    1    0   -1    1    0    0    1
                   0   -1    0    0   -1    1    1   -1    0
                   0    1    0    0    1   -1   -1    1    0
                  -1    0    1   -1    0    0   -1    1    0
                   1    0   -1    1    0    0    1   -1    0
                   0    1    0    1    0    0    0    0    1
                   0   -1    0   -1    0    0    0    0   -1
                   0    0   -1    0    1   -1    1    0   -1
                   0    0    1    0   -1    1   -1    0    1
                   1   -1    0    0   -1    1    0   -1    0
                  -1    1    0    0    1   -1    0    1    0
                   0    0    1    1    0    0    0    1    0
                   0    0   -1   -1    0    0    0   -1    0
                  -1    1    0   -1    0    0   -1    0    1
                   1   -1    0    1    0    0    1    0   -1
                   0    0    1    0    1    0    1    0    0
                   0    0   -1    0   -1    0   -1    0    0
                   1   -1    0    0   -1    0    0   -1    1
                  -1    1    0    0    1    0    0    1   -1
                   0    0   -1    1    0   -1    0    1   -1
                   0    0    1   -1    0    1    0   -1    1
                  -1    1    0   -1    0    1   -1    0    0
                   1   -1    0    1    0   -1    1    0    0
     tnons  0.00000000000000D+00  0.00000000000000D+00  0.00000000000000D+00
            0.00000000000000D+00  0.00000000000000D+00  0.00000000000000D+00
            0.00000000000000D+00  0.00000000000000D+00  0.00000000000000D+00
            0.00000000000000D+00  0.00000000000000D+00  0.00000000000000D+00
            0.00000000000000D+00  0.00000000000000D+00  0.00000000000000D+00
            0.00000000000000D+00  0.00000000000000D+00  0.00000000000000D+00
            0.00000000000000D+00  0.00000000000000D+00  0.00000000000000D+00
            0.00000000000000D+00  0.00000000000000D+00  0.00000000000000D+00
            0.00000000000000D+00  0.00000000000000D+00  0.00000000000000D+00
            0.00000000000000D+00  0.00000000000000D+00  0.00000000000000D+00
            0.00000000000000D+00  0.00000000000000D+00  0.00000000000000D+00
            0.00000000000000D+00  0.00000000000000D+00  0.00000000000000D+00
            0.00000000000000D+00  0.00000000000000D+00  0.00000000000000D+00
            0.00000000000000D+00  0.00000000000000D+00  0.00000000000000D+00
            0.00000000000000D+00  0.00000000000000D+00  0.00000000000000D+00
            0.00000000000000D+00  0.00000000000000D+00  0.00000000000000D+00
            0.00000000000000D+00  0.00000000000000D+00  0.00000000000000D+00
            0.00000000000000D+00  0.00000000000000D+00  0.00000000000000D+00
            0.00000000000000D+00  0.00000000000000D+00  0.00000000000000D+00
            0.00000000000000D+00  0.00000000000000D+00  0.00000000000000D+00
            0.00000000000000D+00  0.00000000000000D+00  0.00000000000000D+00
            0.00000000000000D+00  0.00000000000000D+00  0.00000000000000D+00
            0.00000000000000D+00  0.00000000000000D+00  0.00000000000000D+00
            0.00000000000000D+00  0.00000000000000D+00  0.00000000000000D+00
            0.00000000000000D+00  0.00000000000000D+00  0.00000000000000D+00
            0.00000000000000D+00  0.00000000000000D+00  0.00000000000000D+00
            0.00000000000000D+00  0.00000000000000D+00  0.00000000000000D+00
            0.00000000000000D+00  0.00000000000000D+00  0.00000000000000D+00
            0.00000000000000D+00  0.00000000000000D+00  0.00000000000000D+00
            0.00000000000000D+00  0.00000000000000D+00  0.00000000000000D+00
            0.00000000000000D+00  0.00000000000000D+00  0.00000000000000D+00
            0.00000000000000D+00  0.00000000000000D+00  0.00000000000000D+00
            0.00000000000000D+00  0.00000000000000D+00  0.00000000000000D+00
            0.00000000000000D+00  0.00000000000000D+00  0.00000000000000D+00
            0.00000000000000D+00  0.00000000000000D+00  0.00000000000000D+00
            0.00000000000000D+00  0.00000000000000D+00  0.00000000000000D+00
            0.00000000000000D+00  0.00000000000000D+00  0.00000000000000D+00
            0.00000000000000D+00  0.00000000000000D+00  0.00000000000000D+00
            0.00000000000000D+00  0.00000000000000D+00  0.00000000000000D+00
            0.00000000000000D+00  0.00000000000000D+00  0.00000000000000D+00
            0.00000000000000D+00  0.00000000000000D+00  0.00000000000000D+00
            0.00000000000000D+00  0.00000000000000D+00  0.00000000000000D+00
            0.00000000000000D+00  0.00000000000000D+00  0.00000000000000D+00
            0.00000000000000D+00  0.00000000000000D+00  0.00000000000000D+00
            0.00000000000000D+00  0.00000000000000D+00  0.00000000000000D+00
            0.00000000000000D+00  0.00000000000000D+00  0.00000000000000D+00
            0.00000000000000D+00  0.00000000000000D+00  0.00000000000000D+00
            0.00000000000000D+00  0.00000000000000D+00  0.00000000000000D+00
    tolwfr  0.10000000000000D+01
   tphysel  0.00000000000000D+00
    tsmear  0.10000000000000D-01
     typat         2    1
       wtk  0.15625000000000D-01  0.15625000000000D-01  0.15625000000000D-01
            0.15625000000000D-01  0.15625000000000D-01  0.15625000000000D-01
            0.15625000000000D-01  0.15625000000000D-01  0.15625000000000D-01
            0.15625000000000D-01  0.15625000000000D-01  0.15625000000000D-01
            0.15625000000000D-01  0.15625000000000D-01  0.15625000000000D-01
            0.15625000000000D-01  0.15625000000000D-01  0.15625000000000D-01
            0.15625000000000D-01  0.15625000000000D-01  0.15625000000000D-01
            0.15625000000000D-01  0.15625000000000D-01  0.15625000000000D-01
            0.15625000000000D-01  0.15625000000000D-01  0.15625000000000D-01
            0.15625000000000D-01  0.15625000000000D-01  0.15625000000000D-01
            0.15625000000000D-01  0.15625000000000D-01  0.15625000000000D-01
            0.15625000000000D-01  0.15625000000000D-01  0.15625000000000D-01
            0.15625000000000D-01  0.15625000000000D-01  0.15625000000000D-01
            0.15625000000000D-01  0.15625000000000D-01  0.15625000000000D-01
            0.15625000000000D-01  0.15625000000000D-01  0.15625000000000D-01
            0.15625000000000D-01  0.15625000000000D-01  0.15625000000000D-01
            0.15625000000000D-01  0.15625000000000D-01  0.15625000000000D-01
            0.15625000000000D-01  0.15625000000000D-01  0.15625000000000D-01
            0.15625000000000D-01  0.15625000000000D-01  0.15625000000000D-01
            0.15625000000000D-01  0.15625000000000D-01  0.15625000000000D-01
            0.15625000000000D-01  0.15625000000000D-01  0.15625000000000D-01
            0.15625000000000D-01
      xred  0.00000000000000D+00  0.00000000000000D+00  0.00000000000000D+00
            0.50000000000000D+00  0.50000000000000D+00  0.50000000000000D+00
     znucl  0.80000000000000D+01  0.12000000000000D+02
      zion  0.60000000000000D+01  0.10000000000000D+02
 
  Description of the potentials (KB energies)
  vrsio8 (for pseudopotentials)=100401
  usepaw =  0
  dimekb =  5       lmnmax=  5
  Atom type=    1   pspso=  0   nekb=   5
  iln lpsang iproj  ekb(:)
     1     0     1     5.2572115E+00  0.0000000E+00  0.0000000E+00  0.0000000E+00
                       0.0000000E+00
     2     0     2     0.0000000E+00  7.0424089E-01  0.0000000E+00  0.0000000E+00
                       0.0000000E+00
     3     1     1     0.0000000E+00  0.0000000E+00 -5.1354431E+00  0.0000000E+00
                       0.0000000E+00
     4     1     2     0.0000000E+00  0.0000000E+00  0.0000000E+00 -1.4517815E+00
                       0.0000000E+00
     5     2     1     0.0000000E+00  0.0000000E+00  0.0000000E+00  0.0000000E+00
                      -4.3714856E+00
  Atom type=    2   pspso=  0   nekb=   4
  iln lpsang iproj  ekb(:)
     1     0     1     2.5680490E+00  0.0000000E+00  0.0000000E+00  0.0000000E+00
     2     0     2     0.0000000E+00 -8.0594974E-01  0.0000000E+00  0.0000000E+00
     3     1     1     0.0000000E+00  0.0000000E+00 -6.6059007E+00  0.0000000E+00
     4     1     2     0.0000000E+00  0.0000000E+00  0.0000000E+00 -2.6640738E+00
 
 **** Database of total energy derivatives ****
 Number of data blocks=    1

 2nd derivatives (non-stat.)  - # elements :      23
 qpt  5.00000000E-01  0.00000000E+00  0.00000000E+00   1.0
   1   1   1   1  0.64332701280528D+01  0.00000000000000D+00
   1   1   2   1  0.11215558076683D+01  0.64118859642114D-08
   1   1   3   1  0.11215558076483D+01  0.64118945741105D-08
   1   1   1   2 -0.14430348060695D-13  0.18243811635614D-14
   1   1   2   2 -0.27977876770854D-13  0.17879898496824D-14
   1   1   3   2 -0.13002134067132D-13  0.17085955300843D-14
   2   1   1   1  0.11215558076683D+01 -0.64118859642114D-08
   2   1   1   2 -0.27977876770854D-13  0.17879898496824D-14
   2   1   2   2  0.13619780168126D-14  0.34067776888247D-14
   2   1   3   2  0.55241765065150D-13  0.18533873675825D-14
   3   1   1   1  0.11215558076492D+01 -0.64118945741105D-08
   3   1   1   2 -0.13002134067132D-13  0.17085955300843D-14
   3   1   2   2  0.55241765065150D-13  0.18533873675825D-14
   3   1   3   2  0.11409811484771D-13  0.36798191296558D-14
   1   2   1   1 -0.14430348069519D-13 -0.18243811635614D-14
   1   2   2   1 -0.27977876770854D-13 -0.17879898496824D-14
   1   2   3   1 -0.13002134067132D-13 -0.17085955300843D-14
   2   2   1   1 -0.27977876770854D-13 -0.17879898496824D-14
   2   2   2   1  0.13619780168126D-14 -0.34067776888247D-14
   2   2   3   1  0.55241765065150D-13 -0.18533873675825D-14
   3   2   1   1 -0.13002134067132D-13 -0.17085955300843D-14
   3   2   2   1  0.55241765065150D-13 -0.18533873675825D-14
   3   2   3   1  0.11409811484771D-13 -0.36798191296558D-14
